1.69	1.54	1.97	1.7941	1.4986	2.0715	
1.95	1.91	2.3	2.0631	1.91	2.2732	
1.98	1.73	2.24	2.4571	2.2159	2.5548	
1.67	1.48	2.1	1.929	1.6457	2.415	
1.27	1.02	1.6	1.7421	1.4294	2.1029	
2.06	1.73	2.54	2.4622	2.1398	3.0544	
1.4	1.21	1.71	1.442	1.3906	1.7994	
1.2	1.07	1.48	1.5546	1.3745	2.1616	
1.65	1.44	1.97	1.6565	1.6528	2.0057	
1.43	1.18	2.07	1.8382	1.5958	3.4602	
1.89	1.63	2.61	2.6464	2.2254	3.7086	
1.92	1.8	2.43	2.1236	2.12	2.6723	
1.74	1.45	2.31	2.1623	1.8744	2.6761	
1.76	1.59	2.22	2.0379	1.7433	2.3234	
2.0	1.84	2.66	2.2817	1.9479	3.4068	
1.81	1.5	1.89	1.9459	1.8458	2.6307
